===============================================================
2 cidades:

0  783  
783  0  

Menor custo Brute Force: 1566

Menor caminho Brute Force: 0 - 1 - 0

Tempo de execução: 362370 nanosegundos

===============================================================
3 cidades:

0  143  440  
143  0  293  
440  293  0  

Menor custo Brute Force: 876

Menor caminho Brute Force: 0 - 1 - 2 - 0

Tempo de execução: 96352 nanosegundos

===============================================================
4 cidades:

0  145  695  932  
145  0  820  195  
695  820  0  162  
932  195  162  0  

Menor custo Brute Force: 1197

Menor caminho Brute Force: 0 - 1 - 3 - 2 - 0

Tempo de execução: 420622 nanosegundos

===============================================================
5 cidades:

0  676  456  376  412  
676  0  315  733  121  
456  315  0  355  302  
376  733  355  0  383  
412  121  302  383  0  

Menor custo Brute Force: 1579

Menor caminho Brute Force: 0 - 3 - 2 - 1 - 4 - 0

Tempo de execução: 1294035 nanosegundos

===============================================================
6 cidades:

0  28  7  859  828  591  
28  0  925  335  729  594  
7  925  0  98  444  851  
859  335  98  0  310  8  
828  729  444  310  0  883  
591  594  851  8  883  0  

Menor custo Brute Force: 1391

Menor caminho Brute Force: 0 - 1 - 5 - 3 - 4 - 2 - 0

Tempo de execução: 5198774 nanosegundos

===============================================================
7 cidades:

0  282  883  173  141  323  716  
282  0  564  163  464  747  346  
883  564  0  780  903  716  350  
173  163  780  0  981  750  811  
141  464  903  981  0  639  607  
323  747  716  750  639  0  234  
716  346  350  811  607  234  0  

Menor custo Brute Force: 2264

Menor caminho Brute Force: 0 - 3 - 1 - 2 - 6 - 5 - 4 - 0

Tempo de execução: 24160729 nanosegundos

===============================================================
8 cidades:

0  554  946  530  204  250  752  524  
554  0  256  66  288  814  344  956  
946  256  0  442  135  113  957  785  
530  66  442  0  586  209  389  699  
204  288  135  586  0  145  652  525  
250  814  113  209  145  0  664  836  
752  344  957  389  652  664  0  646  
524  956  785  699  525  836  646  0  

Menor custo Brute Force: 2241

Menor caminho Brute Force: 0 - 4 - 2 - 5 - 3 - 1 - 6 - 7 - 0

Tempo de execução: 96914453 nanosegundos

===============================================================
9 cidades:

0  667  857  376  343  779  628  141  276  
667  0  775  760  738  153  664  982  276  
857  775  0  811  729  744  245  485  765  
376  760  811  0  469  914  404  800  242  
343  738  729  469  0  390  944  714  238  
779  153  744  914  390  0  533  129  398  
628  664  245  404  944  533  0  978  238  
141  982  485  800  714  129  978  0  171  
276  276  765  242  238  398  238  171  0  

Menor custo Brute Force: 2649

Menor caminho Brute Force: 0 - 3 - 6 - 2 - 7 - 5 - 1 - 8 - 4 - 0

Tempo de execução: 729951383 nanosegundos

===============================================================
10 cidades:

0  372  352  283  571  580  340  94  793  369  
372  0  962  306  171  39  312  646  306  653  
352  962  0  242  990  837  331  296  459  873  
283  306  242  0  379  244  37  493  412  302  
571  171  990  379  0  204  416  633  654  639  
580  39  837  244  204  0  218  152  605  499  
340  312  331  37  416  218  0  668  990  704  
94  646  296  493  633  152  668  0  181  60  
793  306  459  412  654  605  990  181  0  367  
369  653  873  302  639  499  704  60  367  0  

Menor custo Brute Force: 2051

Menor caminho Brute Force: 0 - 2 - 3 - 6 - 5 - 4 - 1 - 8 - 9 - 7 - 0

Tempo de execução: 5474510364 nanosegundos

===============================================================
11 cidades:

0  61  43  797  755  807  595  572  187  822  932  
61  0  536  666  760  296  144  269  442  369  368  
43  536  0  386  835  625  970  125  874  18  651  
797  666  386  0  346  456  730  548  697  308  903  
755  760  835  346  0  59  528  954  944  782  258  
807  296  625  456  59  0  543  563  804  805  27  
595  144  970  730  528  543  0  507  808  482  395  
572  269  125  548  954  563  507  0  82  587  701  
187  442  874  697  944  804  808  82  0  345  420  
822  369  18  308  782  805  482  587  345  0  348  
932  368  651  903  258  27  395  701  420  348  0  

Menor custo Brute Force: 1752

Menor caminho Brute Force: 0 - 1 - 6 - 10 - 5 - 4 - 3 - 9 - 2 - 7 - 8 - 0

Tempo de execução: 60894707251 nanosegundos

===============================================================
===============================================================
Menor custo Heurístico: 3385

Menor caminho Heurístico: 
314 - 313 - 318 - 315 - 316 - 317 - 260 - 259 - 258 - 253 - 254 - 255 - 256 - 261 - 262 - 263 - 241 - 240 - 244 - 243 - 265 - 245 - 266 - 274 - 275 - 273 - 272 - 270 - 267 - 248 - 249 - 250 - 232 - 233 - 234 - 236 - 237 - 235 - 238 - 247 - 229 - 228 - 227 - 146 - 147 - 143 - 145 - 141 - 170 - 168 - 165 - 138 - 164 - 120 - 124 - 132 - 131 - 130 - 129 - 128 - 123 - 119 - 115 - 111 - 112 - 162 - 116 - 114 - 110 - 107 - 106 - 109 - 113 - 175 - 174 - 47 - 46 - 42 - 41 - 171 - 172 - 173 - 43 - 39 - 37 - 2 - 1 - 38 - 3 - 36 - 35 - 4 - 5 - 7 - 8 - 6 - 18 - 15 - 16 - 17 - 19 - 11 - 12 - 28 - 29 - 21 - 33 - 32 - 34 - 40 - 31 - 44 - 51 - 52 - 53 - 54 - 49 - 50 - 45 - 48 - 55 - 70 - 71 - 56 - 180 - 181 - 182 - 183 - 94 - 96 - 97 - 95 - 93 - 92 - 72 - 90 - 91 - 69 - 68 - 57 - 67 - 59 - 58 - 60 - 65 - 66 - 75 - 77 - 89 - 76 - 78 - 74 - 73 - 64 - 61 - 62 - 23 - 30 - 22 - 63 - 24 - 25 - 26 - 13 - 14 - 20 - 27 - 10 - 9 - 0 - 323 - 330 - 324 - 329 - 331 - 328 - 326 - 325 - 327 - 399 - 157 - 158 - 480 - 481 - 159 - 160 - 163 - 161 - 155 - 154 - 156 - 152 - 105 - 153 - 108 - 118 - 122 - 121 - 125 - 184 - 185 - 127 - 126 - 186 - 189 - 187 - 188 - 194 - 195 - 193 - 191 - 192 - 214 - 215 - 216 - 136 - 142 - 148 - 149 - 151 - 221 - 222 - 220 - 217 - 218 - 219 - 225 - 197 - 200 - 201 - 203 - 199 - 210 - 209 - 196 - 208 - 207 - 206 - 205 - 204 - 102 - 98 - 99 - 79 - 80 - 100 - 81 - 82 - 87 - 86 - 85 - 84 - 83 - 101 - 103 - 88 - 104 - 212 - 211 - 213 - 202 - 198 - 252 - 226 - 223 - 224 - 137 - 150 - 135 - 134 - 144 - 133 - 139 - 140 - 166 - 167 - 169 - 479 - 482 - 483 - 484 - 485 - 486 - 492 - 409 - 410 - 413 - 416 - 436 - 437 - 444 - 445 - 443 - 441 - 438 - 439 - 382 - 380 - 383 - 363 - 364 - 365 - 368 - 367 - 366 - 385 - 388 - 389 - 369 - 370 - 371 - 373 - 372 - 374 - 375 - 376 - 377 - 378 - 396 - 395 - 393 - 390 - 391 - 448 - 387 - 386 - 442 - 384 - 440 - 381 - 434 - 431 - 429 - 428 - 426 - 341 - 339 - 420 - 421 - 419 - 334 - 417 - 397 - 398 - 401 - 400 - 404 - 403 - 402 - 418 - 422 - 423 - 406 - 411 - 407 - 408 - 405 - 487 - 488 - 489 - 490 - 491 - 494 - 496 - 497 - 498 - 514 - 515 - 518 - 517 - 458 - 459 - 460 - 462 - 461 - 466 - 446 - 451 - 447 - 450 - 453 - 454 - 449 - 392 - 394 - 455 - 456 - 457 - 478 - 468 - 452 - 476 - 477 - 475 - 472 - 471 - 470 - 469 - 467 - 465 - 464 - 463 - 543 - 542 - 541 - 524 - 521 - 520 - 509 - 519 - 513 - 512 - 511 - 495 - 501 - 502 - 500 - 503 - 504 - 505 - 510 - 508 - 506 - 230 - 507 - 231 - 522 - 529 - 531 - 532 - 251 - 268 - 269 - 280 - 287 - 271 - 288 - 279 - 291 - 290 - 289 - 294 - 293 - 298 - 292 - 295 - 296 - 311 - 276 - 310 - 309 - 264 - 242 - 277 - 278 - 297 - 299 - 300 - 301 - 303 - 302 - 320 - 312 - 304 - 321 - 319 - 322 - 305 - 306 - 308 - 307 - 239 - 246 - 523 - 527 - 528 - 530 - 537 - 526 - 538 - 539 - 540 - 553 - 552 - 554 - 556 - 555 - 474 - 550 - 551 - 547 - 546 - 525 - 544 - 545 - 549 - 548 - 473 - 536 - 535 - 534 - 533 - 281 - 286 - 285 - 284 - 283 - 282 - 557 - 558 - 559 - 560 - 516 - 499 - 414 - 493 - 415 - 412 - 435 - 430 - 424 - 425 - 340 - 355 - 338 - 352 - 337 - 350 - 335 - 336 - 333 - 332 - 348 - 345 - 344 - 343 - 342 - 346 - 347 - 349 - 351 - 353 - 357 - 354 - 358 - 356 - 361 - 359 - 360 - 362 - 379 - 427 - 433 - 432 - 117 - 178 - 179 - 177 - 176 - 190 - 257 - 314

===============================================================
Menor custo Heurístico: 50447

Menor caminho Heurístico: 
401 - 403 - 402 - 382 - 383 - 387 - 386 - 384 - 404 - 391 - 390 - 392 - 393 - 394 - 405 - 406 - 407 - 408 - 361 - 396 - 400 - 397 - 398 - 399 - 358 - 357 - 359 - 425 - 426 - 124 - 121 - 120 - 123 - 122 - 192 - 119 - 196 - 197 - 125 - 195 - 128 - 198 - 199 - 188 - 131 - 189 - 126 - 191 - 190 - 127 - 130 - 133 - 129 - 132 - 423 - 424 - 114 - 110 - 106 - 102 - 101 - 105 - 100 - 104 - 108 - 111 - 193 - 107 - 103 - 99 - 161 - 163 - 165 - 115 - 194 - 112 - 116 - 118 - 113 - 109 - 117 - 95 - 91 - 96 - 93 - 88 - 85 - 89 - 94 - 98 - 97 - 86 - 81 - 80 - 84 - 90 - 83 - 79 - 87 - 92 - 157 - 153 - 82 - 74 - 69 - 64 - 59 - 54 - 55 - 60 - 65 - 70 - 75 - 66 - 61 - 56 - 57 - 62 - 67 - 63 - 58 - 68 - 73 - 78 - 72 - 77 - 71 - 76 - 18 - 51 - 50 - 52 - 53 - 17 - 46 - 47 - 48 - 16 - 44 - 45 - 42 - 43 - 49 - 185 - 184 - 182 - 181 - 183 - 186 - 187 - 14 - 41 - 15 - 296 - 297 - 299 - 300 - 301 - 322 - 323 - 344 - 343 - 342 - 324 - 325 - 326 - 345 - 152 - 304 - 303 - 306 - 305 - 302 - 349 - 350 - 348 - 347 - 346 - 295 - 294 - 293 - 292 - 298 - 353 - 354 - 352 - 351 - 355 - 356 - 275 - 170 - 267 - 265 - 266 - 274 - 276 - 134 - 200 - 474 - 19 - 385 - 7 - 379 - 381 - 377 - 380 - 378 - 360 - 389 - 388 - 395 - 6 - 5 - 179 - 180 - 4 - 3 - 371 - 375 - 373 - 372 - 364 - 409 - 437 - 32 - 447 - 11 - 454 - 469 - 457 - 445 - 429 - 411 - 414 - 435 - 443 - 12 - 36 - 453 - 471 - 470 - 422 - 428 - 28 - 10 - 465 - 468 - 9 - 24 - 433 - 415 - 475 - 503 - 31 - 508 - 30 - 523 - 29 - 528 - 204 - 218 - 206 - 217 - 236 - 251 - 258 - 232 - 216 - 207 - 209 - 215 - 241 - 243 - 262 - 233 - 221 - 211 - 245 - 264 - 248 - 254 - 270 - 277 - 308 - 150 - 151 - 333 - 281 - 272 - 318 - 332 - 280 - 273 - 316 - 327 - 278 - 271 - 320 - 328 - 284 - 307 - 329 - 21 - 22 - 23 - 492 - 476 - 483 - 496 - 27 - 507 - 26 - 520 - 25 - 533 - 489 - 501 - 35 - 505 - 34 - 519 - 33 - 526 - 506 - 39 - 38 - 517 - 37 - 530 - 494 - 487 - 13 - 40 - 2 - 362 - 368 - 376 - 363 - 374 - 410 - 430 - 417 - 436 - 412 - 440 - 449 - 451 - 466 - 459 - 464 - 458 - 448 - 439 - 421 - 418 - 431 - 461 - 463 - 480 - 498 - 479 - 495 - 477 - 493 - 202 - 222 - 239 - 252 - 261 - 230 - 220 - 214 - 203 - 219 - 229 - 250 - 260 - 249 - 256 - 205 - 225 - 235 - 253 - 255 - 231 - 223 - 208 - 268 - 282 - 313 - 331 - 285 - 269 - 312 - 330 - 289 - 314 - 335 - 286 - 311 - 147 - 339 - 283 - 315 - 336 - 525 - 522 - 512 - 504 - 484 - 482 - 500 - 485 - 490 - 514 - 515 - 527 - 513 - 499 - 488 - 478 - 491 - 511 - 518 - 531 - 201 - 226 - 240 - 246 - 257 - 234 - 228 - 212 - 247 - 213 - 227 - 238 - 244 - 263 - 237 - 224 - 210 - 242 - 259 - 532 - 516 - 481 - 497 - 510 - 524 - 534 - 509 - 502 - 486 - 521 - 529 - 279 - 319 - 146 - 341 - 288 - 317 - 337 - 287 - 310 - 338 - 290 - 321 - 334 - 291 - 309 - 340 - 137 - 139 - 141 - 143 - 136 - 138 - 140 - 142 - 144 - 145 - 171 - 172 - 173 - 174 - 148 - 149 - 20 - 8 - 0 - 467 - 452 - 442 - 434 - 413 - 420 - 432 - 446 - 455 - 472 - 456 - 444 - 438 - 416 - 419 - 427 - 441 - 450 - 460 - 473 - 462 - 365 - 366 - 370 - 367 - 369 - 1 - 135 - 175 - 176 - 177 - 178 - 166 - 167 - 160 - 162 - 164 - 158 - 159 - 155 - 154 - 156 - 168 - 169 - 401

===============================================================
Menor custo Heurístico: 94569

Menor caminho Heurístico: 
75 - 5 - 4 - 3 - 0 - 1 - 2 - 72 - 73 - 74 - 144 - 145 - 146 - 147 - 240 - 241 - 242 - 243 - 336 - 337 - 338 - 423 - 451 - 461 - 480 - 526 - 529 - 488 - 456 - 454 - 425 - 341 - 340 - 339 - 247 - 246 - 245 - 244 - 151 - 150 - 149 - 148 - 77 - 76 - 8 - 7 - 6 - 9 - 10 - 11 - 81 - 82 - 83 - 156 - 157 - 158 - 159 - 252 - 253 - 254 - 255 - 345 - 346 - 347 - 430 - 449 - 464 - 492 - 527 - 540 - 493 - 467 - 447 - 420 - 350 - 349 - 348 - 259 - 258 - 257 - 256 - 163 - 162 - 161 - 160 - 86 - 85 - 84 - 14 - 13 - 12 - 15 - 16 - 17 - 87 - 88 - 89 - 164 - 165 - 166 - 167 - 260 - 261 - 262 - 263 - 351 - 352 - 353 - 418 - 453 - 479 - 495 - 523 - 546 - 502 - 476 - 448 - 415 - 356 - 355 - 354 - 267 - 266 - 265 - 264 - 171 - 170 - 169 - 168 - 92 - 91 - 90 - 20 - 19 - 18 - 21 - 22 - 23 - 93 - 94 - 95 - 172 - 173 - 174 - 175 - 268 - 269 - 270 - 271 - 357 - 358 - 359 - 413 - 450 - 477 - 489 - 525 - 541 - 483 - 475 - 446 - 410 - 362 - 361 - 360 - 275 - 274 - 273 - 272 - 179 - 178 - 177 - 176 - 98 - 97 - 96 - 26 - 25 - 24 - 27 - 28 - 29 - 99 - 100 - 101 - 180 - 181 - 182 - 183 - 276 - 277 - 278 - 279 - 363 - 364 - 365 - 428 - 455 - 466 - 485 - 519 - 542 - 482 - 478 - 443 - 419 - 368 - 367 - 366 - 283 - 282 - 281 - 280 - 187 - 186 - 185 - 184 - 104 - 103 - 102 - 32 - 31 - 30 - 33 - 34 - 35 - 105 - 106 - 107 - 188 - 189 - 190 - 191 - 284 - 285 - 286 - 287 - 369 - 370 - 371 - 409 - 442 - 474 - 487 - 506 - 544 - 504 - 545 - 518 - 532 - 521 - 543 - 522 - 549 - 427 - 344 - 343 - 342 - 251 - 250 - 249 - 248 - 155 - 154 - 153 - 152 - 80 - 79 - 78 - 452 - 460 - 501 - 520 - 535 - 524 - 533 - 750 - 740 - 745 - 739 - 743 - 748 - 741 - 742 - 744 - 746 - 747 - 749 - 751 - 731 - 738 - 722 - 753 - 772 - 775 - 781 - 780 - 791 - 782 - 785 - 771 - 755 - 752 - 759 - 765 - 767 - 757 - 827 - 822 - 819 - 824 - 829 - 831 - 825 - 821 - 820 - 823 - 826 - 828 - 818 - 816 - 817 - 793 - 794 - 795 - 796 - 797 - 798 - 799 - 800 - 801 - 802 - 803 - 792 - 805 - 806 - 807 - 808 - 809 - 810 - 811 - 812 - 813 - 814 - 815 - 804 - 760 - 763 - 761 - 766 - 768 - 762 - 769 - 758 - 756 - 754 - 764 - 783 - 788 - 786 - 787 - 789 - 790 - 784 - 770 - 779 - 778 - 777 - 776 - 774 - 773 - 721 - 720 - 852 - 855 - 858 - 850 - 863 - 866 - 869 - 840 - 832 - 836 - 839 - 842 - 845 - 847 - 830 - 901 - 904 - 909 - 903 - 899 - 907 - 911 - 902 - 905 - 900 - 910 - 897 - 898 - 882 - 877 - 881 - 880 - 879 - 878 - 872 - 876 - 875 - 874 - 873 - 883 - 885 - 886 - 887 - 888 - 889 - 890 - 891 - 892 - 893 - 894 - 884 - 895 - 896 - 844 - 843 - 841 - 837 - 838 - 849 - 835 - 833 - 834 - 848 - 851 - 871 - 868 - 867 - 865 - 864 - 862 - 870 - 860 - 859 - 861 - 856 - 854 - 853 - 857 - 927 - 932 - 933 - 935 - 936 - 937 - 938 - 940 - 930 - 951 - 950 - 942 - 947 - 945 - 931 - 928 - 916 - 914 - 915 - 929 - 919 - 918 - 921 - 922 - 924 - 925 - 975 - 964 - 974 - 973 - 972 - 971 - 970 - 969 - 968 - 967 - 966 - 965 - 952 - 962 - 961 - 960 - 959 - 958 - 957 - 956 - 955 - 954 - 963 - 953 - 977 - 976 - 991 - 990 - 979 - 988 - 987 - 986 - 978 - 985 - 984 - 983 - 982 - 981 - 980 - 923 - 920 - 912 - 913 - 917 - 943 - 946 - 949 - 944 - 939 - 941 - 934 - 948 - 995 - 583 - 1027 - 584 - 1006 - 585 - 999 - 586 - 1001 - 587 - 1023 - 588 - 1015 - 589 - 1022 - 573 - 1014 - 569 - 1016 - 571 - 1018 - 570 - 1020 - 553 - 1021 - 554 - 1024 - 555 - 1026 - 556 - 1028 - 557 - 1029 - 558 - 1011 - 559 - 1010 - 560 - 994 - 552 - 996 - 562 - 998 - 563 - 992 - 564 - 1002 - 565 - 1003 - 566 - 1005 - 567 - 1007 - 561 - 1009 - 568 - 615 - 604 - 613 - 612 - 611 - 610 - 609 - 618 - 608 - 607 - 606 - 605 - 602 - 603 - 593 - 594 - 595 - 596 - 592 - 598 - 599 - 600 - 597 - 601 - 617 - 614 - 629 - 630 - 619 - 628 - 624 - 622 - 620 - 626 - 621 - 623 - 625 - 627 - 631 - 574 - 1004 - 591 - 1008 - 1000 - 575 - 997 - 576 - 993 - 577 - 1030 - 582 - 1031 - 578 - 1025 - 579 - 1012 - 580 - 1017 - 581 - 1013 - 572 - 1019 - 590 - 635 - 651 - 652 - 654 - 655 - 657 - 658 - 660 - 650 - 671 - 670 - 668 - 662 - 665 - 667 - 653 - 648 - 634 - 636 - 637 - 640 - 642 - 643 - 646 - 641 - 644 - 632 - 616 - 687 - 686 - 681 - 685 - 684 - 683 - 682 - 673 - 680 - 679 - 678 - 677 - 676 - 675 - 674 - 672 - 691 - 690 - 694 - 711 - 709 - 708 - 707 - 706 - 705 - 704 - 703 - 710 - 693 - 701 - 700 - 692 - 699 - 698 - 702 - 697 - 696 - 695 - 638 - 647 - 645 - 639 - 649 - 633 - 663 - 666 - 669 - 664 - 659 - 656 - 661 - 718 - 719 - 712 - 717 - 716 - 715 - 714 - 713 - 688 - 689 - 989 - 846 - 725 - 734 - 733 - 732 - 730 - 729 - 728 - 727 - 726 - 723 - 724 - 735 - 736 - 737 - 906 - 908 - 926 - 528 - 511 - 490 - 459 - 438 - 426 - 404 - 403 - 402 - 331 - 330 - 329 - 328 - 235 - 234 - 233 - 232 - 140 - 139 - 138 - 68 - 67 - 66 - 63 - 64 - 65 - 135 - 136 - 137 - 228 - 229 - 230 - 231 - 324 - 325 - 326 - 327 - 399 - 400 - 401 - 422 - 434 - 457 - 491 - 516 - 530 - 481 - 469 - 445 - 429 - 398 - 397 - 396 - 323 - 322 - 321 - 320 - 227 - 226 - 225 - 224 - 134 - 133 - 132 - 62 - 61 - 60 - 57 - 58 - 59 - 129 - 130 - 131 - 220 - 221 - 222 - 223 - 316 - 317 - 318 - 319 - 393 - 394 - 395 - 431 - 436 - 462 - 503 - 514 - 534 - 500 - 470 - 435 - 408 - 392 - 391 - 390 - 315 - 314 - 313 - 312 - 219 - 218 - 217 - 216 - 128 - 127 - 126 - 56 - 55 - 54 - 51 - 52 - 53 - 123 - 124 - 125 - 212 - 213 - 214 - 215 - 308 - 309 - 310 - 311 - 387 - 388 - 389 - 421 - 439 - 465 - 497 - 512 - 531 - 496 - 468 - 433 - 417 - 386 - 385 - 384 - 307 - 306 - 305 - 304 - 211 - 210 - 209 - 208 - 122 - 121 - 120 - 50 - 49 - 48 - 45 - 46 - 47 - 117 - 118 - 119 - 204 - 205 - 206 - 207 - 300 - 301 - 302 - 303 - 381 - 382 - 383 - 416 - 432 - 458 - 486 - 510 - 550 - 498 - 471 - 444 - 414 - 380 - 379 - 378 - 299 - 298 - 297 - 296 - 203 - 202 - 201 - 200 - 116 - 115 - 114 - 44 - 43 - 42 - 39 - 40 - 41 - 111 - 112 - 113 - 196 - 197 - 198 - 199 - 292 - 293 - 294 - 295 - 375 - 376 - 377 - 412 - 437 - 473 - 499 - 508 - 547 - 494 - 472 - 440 - 411 - 374 - 373 - 372 - 291 - 290 - 289 - 288 - 195 - 194 - 193 - 192 - 110 - 109 - 108 - 38 - 37 - 36 - 505 - 551 - 509 - 548 - 507 - 539 - 513 - 536 - 515 - 538 - 406 - 405 - 335 - 334 - 333 - 332 - 239 - 238 - 237 - 236 - 143 - 142 - 141 - 71 - 70 - 69 - 407 - 424 - 441 - 463 - 484 - 517 - 537 - 75

===============================================================
